587 15 14
233 19 15
100 16 14
323 15 14
336 20 14
1000 33 16
15479 25 13
2500 18 17
3457 19 16
2000 24 14
3149 25 17
4879 19 16
6000 17 14
1054 31 15
8977 20 14
14589 18 12
51111 12 17
25000 17 16
24321 21 13
20479 16 16
30558 22 15
45041 10 15
41000 18 15
46975 14 16
43264 18 16
12246 25 16
47874 19 15
32540 16 13
29874 21 16
27455 15 15
27450 14 15
21456 21 16
22354 23 15
26301 20 18
17550 20 13
15430 25 16
13147 22 16
48750 21 18
980 31 17
36540 17 14
36147 19 15
38210 22 16
45200 11 14
45100 15 15
44987 17 14
12111 26 15
6474 12 14
7895 19 16
43214 20 16
49877 9 15
47540 31 17
38697 26 17
18756 18 16
12340 21 15
33247 18 14
